             N1        N2        N3         R         W
epoch                                                  
0      0.198278  0.016923  0.000056  0.017513  0.767230
1      0.141121  0.093867  0.083624  0.179168  0.502220
2      0.079242  0.059104  0.212893  0.071614  0.577146
3      0.139914  0.417518  0.049717  0.058739  0.334113
4      0.036286  0.416785  0.420150  0.095753  0.031026
5      0.333078  0.051058  0.066929  0.025605  0.523330
6      0.027647  0.051432  0.001690  0.005469  0.913761
7      0.001148  0.000300  0.963399  0.000254  0.034898
8      0.043248  0.023810  0.003539  0.095540  0.833863
9      0.044469  0.246410  0.005215  0.001420  0.702485
             N1        N2        N3         R         W
epoch                                                  
0      0.081175  0.014775  0.000005  0.023965  0.880080
1      0.166605  0.165810  0.326886  0.143391  0.197307
2      0.059115  0.069298  0.056174  0.089772  0.725640
3      0.208530  0.243886  0.031476  0.111413  0.404695
4      0.039658  0.686983  0.248817  0.008511  0.016030
5      0.409928  0.115539  0.162580  0.017799  0.294154
6      0.027109  0.107889  0.000928  0.004367  0.859707
7      0.000493  0.000211  0.987771  0.000180  0.011345
8      0.061688  0.026257  0.007199  0.069563  0.835294
9      0.079009  0.168783  0.000628  0.002755  0.748826
10     0.027847  0.200037  0.047450  0.097799  0.626866
             N1        N2        N3         R         W
epoch                                                  
0      0.054799  0.009377  0.000005  0.013660  0.922159
1      0.197115  0.225077  0.133324  0.204096  0.240388
2      0.085950  0.085256  0.065504  0.087991  0.675300
3      0.124621  0.340950  0.063385  0.084807  0.386237
4      0.034540  0.708802  0.233798  0.011242  0.011619
5      0.371389  0.365679  0.094214  0.014696  0.154021
6      0.049480  0.133877  0.001610  0.011704  0.803330
7      0.002950  0.001620  0.957893  0.001390  0.036148
8      0.054971  0.037819  0.010731  0.090624  0.805854
9      0.115311  0.263503  0.000958  0.001863  0.618365
10     0.158042  0.270678  0.009163  0.033313  0.528804
11     0.011739  0.036034  0.001814  0.003222  0.947190
             N1        N2        N3         R         W
epoch                                                  
0      0.021758  0.006144  0.000002  0.003721  0.968375
1      0.257887  0.298525  0.027510  0.189752  0.226326
2      0.130920  0.124883  0.035218  0.068838  0.640142
3      0.189813  0.347487  0.041842  0.066594  0.354264
4      0.016808  0.936956  0.023167  0.007841  0.015228
5      0.050271  0.551836  0.166951  0.029835  0.201107
6      0.052687  0.215534  0.005957  0.007785  0.718038
7      0.002949  0.001574  0.974839  0.000121  0.020517
8      0.064585  0.065825  0.007714  0.058362  0.803514
9      0.178746  0.134947  0.001388  0.003369  0.681550
10     0.177610  0.332352  0.004313  0.038935  0.446790
11     0.032225  0.051279  0.001933  0.001973  0.912589
12     0.034826  0.165155  0.001370  0.048164  0.750486
             N1        N2            N3         R         W
epoch                                                      
0      0.005989  0.004935  1.011426e-07  0.002412  0.986664
1      0.254308  0.225064  2.625872e-02  0.179344  0.315025
2      0.061316  0.058811  7.255440e-03  0.033229  0.839389
3      0.115297  0.303658  3.235715e-02  0.048239  0.500448
4      0.006838  0.667674  3.027861e-01  0.006309  0.016392
5      0.042263  0.514608  2.036519e-01  0.017230  0.222247
6      0.045048  0.236501  2.805757e-03  0.008163  0.707481
7      0.103937  0.045201  3.264949e-03  0.004982  0.842614
8      0.118048  0.083839  9.583597e-03  0.082943  0.705586
9      0.241432  0.145019  9.014824e-04  0.004367  0.608281
10     0.270395  0.487671  5.989127e-03  0.019618  0.216327
11     0.059544  0.071580  1.962835e-03  0.001510  0.865403
12     0.028786  0.191211  7.656508e-04  0.021353  0.757884
13     0.061271  0.307934  9.743946e-04  0.009083  0.620738
             N1        N2            N3         R         W
epoch                                                      
0      0.003678  0.009696  1.926248e-07  0.004442  0.982185
1      0.118484  0.269651  3.724247e-02  0.141977  0.432646
2      0.013791  0.045232  6.941697e-03  0.021879  0.912156
3      0.142365  0.193980  9.692893e-03  0.026589  0.627373
4      0.006795  0.538533  4.252550e-01  0.014017  0.015400
5      0.046531  0.415986  2.410865e-01  0.011681  0.284716
6      0.026997  0.152424  2.496646e-03  0.004254  0.813827
7      0.095165  0.030610  3.419030e-03  0.004898  0.865908
8      0.099132  0.047937  6.007266e-03  0.026784  0.820139
9      0.277552  0.239799  1.200737e-03  0.004511  0.476937
10     0.221979  0.556801  1.196616e-03  0.020397  0.199627
11     0.063286  0.139756  2.286791e-03  0.003021  0.791650
12     0.029360  0.214046  6.904646e-04  0.018373  0.737530
13     0.027917  0.201184  5.495300e-04  0.005974  0.764376
14     0.153530  0.233967  5.298524e-03  0.035127  0.572078
             N1        N2            N3         R         W
epoch                                                      
0      0.002028  0.006815  1.554550e-07  0.005909  0.985247
1      0.135711  0.288392  4.262411e-02  0.057394  0.475879
2      0.007671  0.030481  4.045861e-03  0.022456  0.935347
3      0.111391  0.179415  1.078856e-02  0.033414  0.664992
4      0.006164  0.383753  5.947875e-01  0.003040  0.012255
5      0.044950  0.416593  1.586318e-01  0.007813  0.372012
6      0.025949  0.157941  9.642118e-04  0.005331  0.809814
7      0.069700  0.026595  1.472810e-03  0.003779  0.898453
8      0.108584  0.034363  1.520015e-03  0.013193  0.842340
9      0.331718  0.210783  1.740585e-03  0.007602  0.448157
10     0.192772  0.689913  1.113902e-03  0.015664  0.100538
11     0.051367  0.227438  1.396098e-03  0.005600  0.714199
12     0.040835  0.363023  8.806784e-04  0.023374  0.571887
13     0.017053  0.269385  7.584445e-04  0.012435  0.700368
14     0.119715  0.243785  3.323756e-03  0.035795  0.597381
15     0.181276  0.597589  3.180411e-03  0.050016  0.167938
             N1        N2            N3         R         W
epoch                                                      
0      0.001951  0.007513  2.059272e-07  0.003959  0.986576
1      0.174380  0.322090  6.048933e-02  0.030230  0.412810
2      0.010206  0.028464  5.607105e-03  0.010181  0.945541
3      0.115966  0.176212  8.599721e-03  0.040996  0.658226
4      0.007339  0.348414  6.283581e-01  0.001863  0.014026
5      0.047649  0.260414  2.801137e-01  0.026848  0.384976
6      0.020969  0.134057  1.180795e-03  0.004163  0.839631
7      0.053910  0.024972  1.618990e-03  0.001947  0.917552
8      0.121171  0.026698  1.513228e-03  0.009440  0.841178
9      0.516735  0.175364  1.345933e-03  0.004885  0.301669
10     0.309172  0.586395  2.966234e-02  0.016140  0.058631
11     0.124577  0.256800  4.338331e-03  0.010685  0.603599
12     0.057736  0.367316  1.051822e-03  0.036855  0.537041
13     0.033780  0.332886  1.153295e-03  0.014212  0.617969
14     0.101421  0.361775  3.252689e-03  0.041247  0.492305
15     0.231410  0.551245  1.064980e-02  0.053631  0.153064
16     0.000082  0.000231  9.995636e-01  0.000023  0.000101
             N1        N2        N3         R         W
epoch                                                  
0      0.003993  0.024717  0.005138  0.010809  0.955342
1      0.157713  0.379604  0.053400  0.039889  0.369394
2      0.008292  0.020884  0.003181  0.003809  0.963834
3      0.110575  0.133346  0.009989  0.028905  0.717186
4      0.005832  0.489443  0.488413  0.001142  0.015170
5      0.030156  0.231889  0.286874  0.022567  0.428513
6      0.040441  0.115253  0.000567  0.006076  0.837663
7      0.027803  0.024725  0.000823  0.001597  0.945052
8      0.178620  0.039836  0.002665  0.007811  0.771067
9      0.403298  0.287833  0.001348  0.004508  0.303014
10     0.318596  0.586157  0.001606  0.014069  0.079573
11     0.101038  0.278023  0.004379  0.007786  0.608775
12     0.065115  0.570633  0.001345  0.020014  0.342893
13     0.047897  0.440132  0.001901  0.014568  0.495502
14     0.156687  0.452620  0.002403  0.029661  0.358630
15     0.290486  0.430695  0.004977  0.074692  0.199150
16     0.000808  0.001351  0.997118  0.000089  0.000634
17     0.382664  0.447610  0.002022  0.130430  0.037274
             N1        N2        N3         R         W
epoch                                                  
0      0.002445  0.017667  0.005304  0.005693  0.968891
1      0.039851  0.390301  0.072405  0.020088  0.477356
2      0.006565  0.016502  0.004709  0.004723  0.967501
3      0.092059  0.125131  0.019653  0.014148  0.749009
4      0.009854  0.719590  0.240387  0.002481  0.027689
5      0.028713  0.213165  0.332897  0.003455  0.421769
6      0.052116  0.122616  0.000455  0.003800  0.821013
7      0.046953  0.031099  0.003245  0.003415  0.915288
8      0.127228  0.049019  0.002488  0.004442  0.816823
9      0.317551  0.234797  0.001233  0.005338  0.441082
10     0.386537  0.476021  0.001503  0.010762  0.125175
11     0.147894  0.189694  0.016184  0.006362  0.639865
12     0.129529  0.618070  0.002400  0.024819  0.225182
13     0.069941  0.517158  0.002428  0.026969  0.383504
14     0.035724  0.904493  0.000411  0.007084  0.052288
15     0.119816  0.825929  0.001509  0.026322  0.026424
16     0.003652  0.004030  0.989691  0.000539  0.002088
17     0.529925  0.376420  0.004447  0.044656  0.044552
18     0.007663  0.018823  0.968347  0.002918  0.002249
             N1        N2        N3         R         W
epoch                                                  
0      0.004259  0.014369  0.002471  0.005007  0.973894
1      0.039419  0.272665  0.068966  0.029208  0.589741
2      0.009787  0.020144  0.004899  0.004862  0.960308
3      0.110323  0.114794  0.014922  0.008759  0.751202
4      0.014290  0.627363  0.310641  0.002113  0.045593
5      0.027682  0.237437  0.324402  0.002619  0.407860
6      0.033479  0.072384  0.000408  0.003600  0.890129
7      0.034819  0.024852  0.003209  0.013653  0.923468
8      0.159563  0.042917  0.001416  0.007606  0.788498
9      0.226768  0.229508  0.001363  0.003537  0.538823
10     0.393275  0.428765  0.001507  0.011568  0.164886
11     0.123396  0.183320  0.003741  0.006661  0.682882
12     0.137570  0.538277  0.003082  0.035519  0.285553
13     0.082920  0.509451  0.004566  0.042384  0.360680
14     0.118957  0.597139  0.001764  0.037455  0.244685
15     0.496617  0.335924  0.006516  0.077533  0.083410
16     0.485518  0.278214  0.006010  0.080867  0.149390
17     0.528919  0.362597  0.005151  0.079414  0.023918
18     0.454378  0.416904  0.004752  0.055378  0.068588
19     0.128782  0.622038  0.002418  0.183399  0.063363
             N1        N2        N3         R         W
epoch                                                  
0      0.004616  0.017838  0.003914  0.002068  0.971564
1      0.054863  0.172465  0.052960  0.012291  0.707421
2      0.019120  0.033278  0.009639  0.003335  0.934629
3      0.077508  0.098490  0.015917  0.006229  0.801856
4      0.025079  0.456356  0.439988  0.003276  0.075302
5      0.047838  0.189229  0.377114  0.002818  0.383001
6      0.020903  0.056998  0.000263  0.003914  0.917922
7      0.028239  0.016514  0.003036  0.013917  0.938294
8      0.148175  0.032245  0.001316  0.006940  0.811324
9      0.236828  0.220454  0.001692  0.004283  0.536743
10     0.443465  0.383579  0.001464  0.009438  0.162054
11     0.136116  0.177166  0.004045  0.006120  0.676553
12     0.199599  0.328012  0.004825  0.039012  0.428551
13     0.151119  0.475796  0.004300  0.022653  0.346132
14     0.202954  0.496470  0.002131  0.055533  0.242912
15     0.292045  0.436601  0.006526  0.170090  0.094739
16     0.487473  0.230683  0.004817  0.106822  0.170204
17     0.342314  0.436990  0.007315  0.175170  0.038211
18     0.319579  0.434417  0.006228  0.166433  0.073344
19     0.150326  0.607599  0.002805  0.152605  0.086665
20     0.124010  0.454567  0.004916  0.130918  0.285588
             N1        N2        N3         R         W
epoch                                                  
0      0.002444  0.008659  0.003358  0.003753  0.981786
1      0.049672  0.104183  0.054849  0.012977  0.778319
2      0.021325  0.032895  0.009946  0.002814  0.933021
3      0.080700  0.109242  0.013690  0.003715  0.792653
4      0.008690  0.208453  0.749013  0.001876  0.031969
5      0.061193  0.111799  0.205495  0.002608  0.618905
6      0.021666  0.054703  0.000258  0.002970  0.920403
7      0.029323  0.017078  0.002922  0.012250  0.938426
8      0.177270  0.038167  0.001607  0.029269  0.753687
9      0.218503  0.215841  0.001340  0.003952  0.560365
10     0.338361  0.452685  0.001178  0.007282  0.200494
11     0.126710  0.159068  0.006010  0.005963  0.702248
12     0.187528  0.336135  0.003039  0.021165  0.452134
13     0.143344  0.533346  0.003263  0.013146  0.306901
14     0.363147  0.306051  0.002910  0.040693  0.287199
15     0.313892  0.402902  0.009256  0.176853  0.097097
16     0.465653  0.174327  0.009859  0.111994  0.238168
17     0.472732  0.332023  0.006241  0.143197  0.045808
18     0.382425  0.329390  0.007057  0.219519  0.061609
19     0.234896  0.506567  0.007433  0.189699  0.061405
20     0.330443  0.336785  0.009062  0.218764  0.104945
21     0.352882  0.196108  0.001421  0.279552  0.170037
             N1        N2        N3         R         W
epoch                                                  
0      0.001592  0.005966  0.003070  0.002711  0.986662
1      0.034542  0.069990  0.052680  0.018443  0.824346
2      0.023052  0.026683  0.008767  0.001134  0.940363
3      0.058174  0.127676  0.014789  0.002592  0.796769
4      0.008214  0.131397  0.825552  0.001192  0.033645
5      0.082339  0.089111  0.325322  0.001791  0.501438
6      0.014829  0.034631  0.000203  0.002230  0.948106
7      0.028463  0.013544  0.001807  0.006845  0.949342
8      0.198829  0.036337  0.000913  0.018505  0.745416
9      0.201957  0.153498  0.001390  0.005191  0.637964
10     0.275500  0.405026  0.001349  0.008407  0.309718
11     0.112354  0.122939  0.004909  0.005668  0.754131
12     0.171108  0.329289  0.003783  0.025277  0.470542
13     0.166193  0.544229  0.002876  0.028009  0.258693
14     0.383550  0.233693  0.001808  0.041374  0.339575
15     0.441814  0.314808  0.004592  0.147490  0.091297
16     0.440559  0.128947  0.007504  0.078969  0.344021
17     0.537266  0.256964  0.002071  0.142601  0.061098
18     0.567464  0.253863  0.001899  0.113105  0.063669
19     0.363138  0.261196  0.003054  0.241461  0.131150
20     0.376992  0.221528  0.003456  0.233160  0.164864
21     0.390930  0.178030  0.000540  0.250844  0.179656
22     0.386804  0.175693  0.001782  0.117881  0.317841
             N1        N2        N3         R         W
epoch                                                  
0      0.002062  0.006664  0.002524  0.001839  0.986911
1      0.037033  0.137715  0.105837  0.018164  0.701250
2      0.023690  0.040670  0.012564  0.001045  0.922031
3      0.047401  0.142191  0.011510  0.001115  0.797784
4      0.008949  0.104282  0.836135  0.001434  0.049200
5      0.052178  0.056334  0.282509  0.002980  0.605999
6      0.018209  0.029930  0.000210  0.003710  0.947941
7      0.018320  0.009353  0.001925  0.008542  0.961860
8      0.150727  0.026209  0.000547  0.021750  0.800767
9      0.192685  0.162779  0.002353  0.005493  0.636691
10     0.263648  0.454787  0.001783  0.009177  0.270604
11     0.078945  0.125894  0.003348  0.007699  0.784113
12     0.131984  0.499268  0.003612  0.012136  0.353000
13     0.163348  0.472031  0.003727  0.035236  0.325659
14     0.320119  0.245567  0.002281  0.052876  0.379157
15     0.494754  0.232170  0.007025  0.146186  0.119865
16     0.464102  0.097570  0.004832  0.083894  0.349603
17     0.553185  0.181477  0.001994  0.191977  0.071366
18     0.493365  0.220000  0.002309  0.216372  0.067954
19     0.356149  0.264860  0.003130  0.312122  0.063739
20     0.329546  0.226121  0.003574  0.292916  0.147843
21     0.464418  0.190380  0.000904  0.171507  0.172792
22     0.464044  0.240826  0.000956  0.144373  0.149800
23     0.515593  0.143741  0.000955  0.071766  0.267946
             N1        N2        N3         R         W
epoch                                                  
0      0.002187  0.007301  0.002847  0.000626  0.987039
1      0.051094  0.171596  0.092545  0.010934  0.673831
2      0.011635  0.020143  0.006902  0.000368  0.960952
3      0.051551  0.210523  0.010755  0.000781  0.726391
4      0.008084  0.096365  0.837865  0.001583  0.056103
5      0.076113  0.054988  0.241391  0.002952  0.624556
6      0.021385  0.026696  0.000209  0.002394  0.949316
7      0.018344  0.007317  0.001610  0.007019  0.965710
8      0.108781  0.019452  0.000415  0.016210  0.855142
9      0.206035  0.130971  0.002670  0.006084  0.654240
10     0.235818  0.378013  0.002581  0.011856  0.371732
11     0.060510  0.122874  0.003246  0.008474  0.804895
12     0.135536  0.453471  0.004769  0.009526  0.396698
13     0.159225  0.481919  0.004226  0.025122  0.329508
14     0.309544  0.213807  0.002058  0.036530  0.438061
15     0.458578  0.253951  0.004116  0.143491  0.139865
16     0.508050  0.072327  0.005648  0.096156  0.317819
17     0.566633  0.174356  0.001306  0.211631  0.046074
18     0.453279  0.238530  0.002261  0.252474  0.053457
19     0.297587  0.307735  0.002608  0.342245  0.049825
20     0.227874  0.236462  0.002980  0.453352  0.079332
21     0.250963  0.113094  0.000551  0.557076  0.078316
22     0.440721  0.199415  0.001589  0.264035  0.094239
23     0.447199  0.198088  0.001523  0.258291  0.094898
24     0.470238  0.219250  0.000869  0.107822  0.201822
             N1        N2        N3         R         W
epoch                                                  
0      0.003097  0.006363  0.002746  0.000786  0.987008
1      0.042475  0.147414  0.093354  0.005568  0.711189
2      0.011743  0.016135  0.004737  0.000216  0.967169
3      0.052172  0.156609  0.009646  0.000844  0.780729
4      0.009187  0.082036  0.852879  0.001449  0.054449
5      0.160464  0.047313  0.217235  0.006897  0.568091
6      0.023428  0.022515  0.000143  0.005489  0.948425
7      0.021479  0.007978  0.002960  0.001471  0.966111
8      0.105324  0.017847  0.000433  0.013446  0.862949
9      0.227070  0.128502  0.001486  0.005247  0.637695
10     0.231178  0.355507  0.009942  0.014081  0.389291
11     0.060566  0.131665  0.002339  0.009465  0.795966
12     0.138880  0.392633  0.004505  0.008262  0.455720
13     0.171631  0.532209  0.004420  0.023380  0.268361
14     0.424643  0.267043  0.001820  0.035841  0.270653
15     0.561584  0.228882  0.004297  0.114228  0.091009
16     0.598957  0.055309  0.001872  0.123333  0.220530
17     0.566762  0.153061  0.000927  0.245290  0.033961
18     0.381568  0.188232  0.001344  0.393785  0.035070
19     0.293161  0.329462  0.002164  0.349621  0.025592
20     0.280933  0.201753  0.002807  0.475954  0.038553
21     0.358443  0.116579  0.000485  0.473952  0.050540
22     0.415365  0.188176  0.001658  0.335908  0.058892
23     0.452994  0.174678  0.001686  0.286962  0.083680
24     0.546800  0.182406  0.000545  0.167223  0.103026
25     0.215850  0.132565  0.004826  0.325701  0.321058
             N1        N2        N3         R         W
epoch                                                  
0      0.001959  0.003536  0.002149  0.000472  0.991885
1      0.049575  0.163768  0.107142  0.002407  0.677107
2      0.010816  0.014805  0.004618  0.000199  0.969562
3      0.064316  0.150601  0.007252  0.001188  0.776643
4      0.011247  0.093857  0.828070  0.002020  0.064807
5      0.093581  0.029639  0.089174  0.004096  0.783510
6      0.024218  0.023195  0.000163  0.005908  0.946516
7      0.024892  0.007679  0.003356  0.001000  0.963072
8      0.084876  0.016982  0.000655  0.004441  0.893047
9      0.210532  0.100809  0.000959  0.002811  0.684889
10     0.260832  0.281792  0.009848  0.019807  0.427720
11     0.054039  0.126127  0.002020  0.008238  0.809576
12     0.139079  0.387076  0.004046  0.008046  0.461753
13     0.168559  0.501862  0.006621  0.030095  0.292863
14     0.430651  0.288541  0.002658  0.029975  0.248175
15     0.639182  0.218284  0.004249  0.069031  0.069253
16     0.560507  0.051870  0.002357  0.156984  0.228282
17     0.517445  0.133886  0.000785  0.315906  0.031977
18     0.377853  0.216550  0.001182  0.376322  0.028092
19     0.256001  0.366415  0.003065  0.340757  0.033761
20     0.325889  0.248803  0.002731  0.389382  0.033196
21     0.484311  0.187394  0.000629  0.280674  0.046993
22     0.410516  0.193184  0.000924  0.353906  0.041470
23     0.462127  0.204102  0.000886  0.279674  0.053211
24     0.545280  0.183421  0.000630  0.220617  0.050052
25     0.218743  0.130994  0.003638  0.539695  0.106929
26     0.505214  0.197818  0.000425  0.215371  0.081172
             N1        N2        N3         R         W
epoch                                                  
0      0.001785  0.003696  0.002071  0.000533  0.991915
1      0.043136  0.185242  0.080937  0.001887  0.688797
2      0.007080  0.014237  0.004252  0.000160  0.974270
3      0.059104  0.152309  0.006888  0.000826  0.780873
4      0.010074  0.092216  0.759645  0.001748  0.136318
5      0.064742  0.028983  0.095917  0.004951  0.805407
6      0.019585  0.018385  0.000107  0.018211  0.943712
7      0.023452  0.006994  0.002939  0.000734  0.965880
8      0.067964  0.015023  0.000739  0.003898  0.912377
9      0.199925  0.102110  0.001187  0.001943  0.694836
10     0.282907  0.252519  0.009966  0.019124  0.435483
11     0.055620  0.112347  0.002244  0.009185  0.820604
12     0.143829  0.330544  0.003417  0.021683  0.500526
13     0.179863  0.422396  0.008905  0.031847  0.356990
14     0.388379  0.316066  0.002966  0.034669  0.257920
15     0.591963  0.309540  0.003620  0.025019  0.069857
16     0.464193  0.080688  0.002425  0.144660  0.308034
17     0.576446  0.170675  0.000688  0.221371  0.030820
18     0.446279  0.241156  0.001334  0.282445  0.028786
19     0.298368  0.468706  0.001910  0.210207  0.020809
20     0.345980  0.301788  0.002921  0.316240  0.033071
21     0.493914  0.232995  0.000492  0.227956  0.044643
22     0.465826  0.243745  0.001018  0.245682  0.043728
23     0.524703  0.238893  0.001167  0.185575  0.049662
24     0.607537  0.218977  0.000556  0.133140  0.039790
25     0.284033  0.188049  0.004077  0.409529  0.114313
26     0.552323  0.199091  0.000546  0.199600  0.048439
27     0.582469  0.081378  0.000732  0.229423  0.105998
             N1        N2        N3         R         W
epoch                                                  
0      0.001760  0.003548  0.002033  0.000771  0.991887
1      0.030411  0.221111  0.076504  0.001536  0.670437
2      0.007440  0.016846  0.003777  0.000117  0.971820
3      0.046405  0.130011  0.005530  0.000751  0.817303
4      0.008501  0.068051  0.779469  0.001720  0.142258
5      0.028835  0.027406  0.082360  0.004043  0.857356
6      0.050084  0.045164  0.000193  0.047705  0.856854
7      0.024437  0.005632  0.002297  0.000662  0.966972
8      0.070444  0.013003  0.000804  0.001213  0.914535
9      0.203734  0.098335  0.000900  0.001838  0.695193
10     0.259139  0.268184  0.009741  0.024797  0.438139
11     0.043805  0.130977  0.002285  0.006949  0.815984
12     0.113397  0.392636  0.003419  0.017212  0.473336
13     0.199796  0.419774  0.006692  0.023017  0.350721
14     0.443816  0.295842  0.002977  0.029144  0.228221
15     0.590278  0.322946  0.003643  0.016703  0.066430
16     0.476087  0.127409  0.002556  0.109214  0.284734
17     0.570114  0.259641  0.000981  0.134546  0.034718
18     0.410862  0.339338  0.001021  0.221763  0.027017
19     0.256081  0.543051  0.001358  0.178634  0.020875
20     0.330327  0.321584  0.001418  0.315415  0.031256
21     0.485810  0.259960  0.000394  0.215220  0.038616
22     0.455245  0.271971  0.000728  0.235897  0.036158
23     0.542603  0.311892  0.001147  0.113851  0.030507
24     0.533776  0.295106  0.000647  0.129735  0.040736
25     0.290992  0.263211  0.006098  0.300349  0.139350
26     0.519603  0.221696  0.000617  0.205725  0.052359
27     0.526049  0.093446  0.000594  0.300641  0.079270
28     0.438805  0.051888  0.000372  0.153360  0.355576
             N1        N2        N3         R         W
epoch                                                  
0      0.001675  0.005802  0.002656  0.001191  0.988676
1      0.033849  0.240348  0.080522  0.002662  0.642618
2      0.008492  0.015769  0.003611  0.000108  0.972019
3      0.040155  0.113429  0.005081  0.000723  0.840612
4      0.009292  0.059280  0.855808  0.001406  0.074213
5      0.025634  0.027674  0.083731  0.003111  0.859851
6      0.050803  0.041265  0.000216  0.048329  0.859388
7      0.022487  0.004809  0.002178  0.000778  0.969749
8      0.057512  0.010762  0.000576  0.000852  0.930298
9      0.186993  0.096198  0.000923  0.001679  0.714206
10     0.271973  0.236801  0.008417  0.022713  0.460096
11     0.042833  0.087545  0.001778  0.006790  0.861054
12     0.099894  0.371071  0.003416  0.016024  0.509596
13     0.144322  0.444594  0.004663  0.027381  0.379039
14     0.410261  0.301253  0.002970  0.016506  0.269010
15     0.596071  0.330944  0.003496  0.016921  0.052568
16     0.530353  0.145415  0.001952  0.076603  0.245678
17     0.617331  0.279306  0.000708  0.076448  0.026207
18     0.425363  0.374946  0.000865  0.171954  0.026872
19     0.263392  0.535942  0.001310  0.182365  0.016992
20     0.337325  0.358583  0.001310  0.284675  0.018107
21     0.455591  0.296518  0.000344  0.215886  0.031661
22     0.413825  0.280230  0.000659  0.290354  0.014932
23     0.506125  0.356339  0.001135  0.112994  0.023408
24     0.591357  0.290414  0.000631  0.085725  0.031871
25     0.298110  0.271907  0.006410  0.300384  0.123188
26     0.518444  0.230275  0.000540  0.209794  0.040947
27     0.572654  0.113488  0.000544  0.253096  0.060219
28     0.524156  0.073276  0.000610  0.183519  0.218439
29     0.709844  0.027678  0.000220  0.027094  0.235163
             N1        N2        N3         R         W
epoch                                                  
0      0.002054  0.007924  0.003542  0.000427  0.986053
1      0.037993  0.274701  0.090844  0.002630  0.593832
2      0.009831  0.017406  0.003577  0.000125  0.969061
3      0.045083  0.124149  0.005469  0.001161  0.824138
4      0.010441  0.060483  0.867574  0.001560  0.059942
5      0.054317  0.036780  0.125515  0.004326  0.779063
6      0.054047  0.040678  0.000277  0.043930  0.861068
7      0.022680  0.005598  0.004490  0.000639  0.966593
8      0.060700  0.010989  0.000524  0.000675  0.927112
9      0.170234  0.082254  0.001107  0.001262  0.745144
10     0.223102  0.239769  0.007988  0.021325  0.507816
11     0.036764  0.085960  0.001905  0.004304  0.871068
12     0.101401  0.369452  0.003178  0.005225  0.520744
13     0.153017  0.463551  0.003587  0.010542  0.369303
14     0.396479  0.335772  0.003028  0.014670  0.250051
15     0.537817  0.396796  0.003667  0.014000  0.047721
16     0.477655  0.150690  0.002361  0.087888  0.281406
17     0.519738  0.312169  0.000843  0.141309  0.025941
18     0.371807  0.381338  0.001035  0.223100  0.022720
19     0.240818  0.556014  0.001141  0.185899  0.016128
20     0.276059  0.375952  0.000959  0.323909  0.023121
21     0.424497  0.311861  0.000449  0.241165  0.022028
22     0.462756  0.367592  0.000782  0.154988  0.013883
23     0.453437  0.378641  0.001180  0.147719  0.019023
24     0.515176  0.349162  0.000775  0.105929  0.028957
25     0.312399  0.319778  0.008621  0.273966  0.085236
26     0.483308  0.245122  0.000603  0.240022  0.030944
27     0.519270  0.155582  0.000755  0.278537  0.045856
28     0.577463  0.065885  0.000750  0.186688  0.169215
29     0.764087  0.030659  0.000351  0.053579  0.151323
30     0.320836  0.012556  0.000126  0.030947  0.635535
             N1        N2        N3         R         W
epoch                                                  
0      0.001667  0.007829  0.003346  0.000388  0.986770
1      0.052221  0.291133  0.099352  0.004492  0.552803
2      0.009783  0.020371  0.003685  0.000121  0.966040
3      0.039509  0.111596  0.004724  0.000644  0.843526
4      0.009864  0.058604  0.865476  0.001363  0.064693
5      0.047852  0.032165  0.119261  0.002597  0.798124
6      0.039483  0.029524  0.000200  0.040018  0.890775
7      0.022192  0.004745  0.004053  0.001773  0.967238
8      0.056139  0.009271  0.000554  0.000486  0.933550
9      0.152908  0.063873  0.000994  0.000854  0.781371
10     0.224947  0.220449  0.009145  0.021279  0.524181
11     0.031940  0.078282  0.001763  0.004449  0.883567
12     0.108181  0.378514  0.002769  0.005150  0.505386
13     0.145624  0.518216  0.004273  0.013321  0.318566
14     0.380542  0.355472  0.003420  0.016875  0.243691
15     0.520605  0.407205  0.003900  0.015890  0.052401
16     0.473849  0.162844  0.002349  0.078164  0.282794
17     0.535258  0.337952  0.000870  0.102169  0.023751
18     0.414509  0.352657  0.001357  0.206882  0.024594
19     0.260048  0.542937  0.001251  0.179246  0.016518
20     0.285633  0.376174  0.001222  0.309617  0.027354
21     0.410059  0.317304  0.000535  0.247905  0.024196
22     0.421286  0.417288  0.000974  0.144694  0.015758
23     0.407228  0.434204  0.001273  0.138131  0.019164
24     0.545778  0.348377  0.001189  0.072803  0.031852
25     0.275360  0.363836  0.008263  0.273593  0.078948
26     0.475705  0.264320  0.000572  0.233035  0.026369
27     0.498699  0.119211  0.000796  0.339779  0.041515
28     0.546565  0.104208  0.000756  0.200049  0.148422
29     0.812076  0.031996  0.000390  0.029137  0.126401
30     0.445390  0.014248  0.000229  0.016489  0.523645
31     0.804951  0.045527  0.000141  0.031202  0.118180
             N1        N2        N3         R         W
epoch                                                  
0      0.002098  0.008274  0.003558  0.000408  0.985662
1      0.058613  0.328986  0.097280  0.002986  0.512135
2      0.009520  0.015809  0.002731  0.000111  0.971829
3      0.036973  0.106838  0.004580  0.000599  0.851010
4      0.009420  0.058824  0.870087  0.001033  0.060636
5      0.038947  0.033851  0.121968  0.002373  0.802861
6      0.049165  0.030101  0.000199  0.038799  0.881736
7      0.016991  0.005225  0.003582  0.002979  0.971224
8      0.060956  0.009334  0.000644  0.000426  0.928640
9      0.142118  0.067409  0.000824  0.000722  0.788928
10     0.205717  0.258143  0.010922  0.019289  0.505929
11     0.032057  0.070804  0.001636  0.004154  0.891348
12     0.103227  0.342234  0.002699  0.004864  0.546977
13     0.159197  0.483869  0.003973  0.011615  0.341345
14     0.331008  0.389064  0.003571  0.019627  0.256731
15     0.472663  0.457491  0.004307  0.016157  0.049381
16     0.464943  0.153725  0.002559  0.067369  0.311403
17     0.514814  0.391114  0.000906  0.064969  0.028197
18     0.411888  0.398439  0.001427  0.163875  0.024371
19     0.298182  0.595515  0.001317  0.082903  0.022083
20     0.354858  0.420850  0.001844  0.205015  0.017433
21     0.439203  0.366402  0.000582  0.171706  0.022108
22     0.451879  0.422712  0.001242  0.109540  0.014628
23     0.409684  0.438242  0.001621  0.129377  0.021075
24     0.485431  0.408743  0.001103  0.074458  0.030265
25     0.277707  0.384632  0.008307  0.247228  0.082127
26     0.540095  0.279982  0.000658  0.147422  0.031843
27     0.537120  0.162702  0.000812  0.255812  0.043554
28     0.571665  0.111253  0.001117  0.133128  0.182836
29     0.776910  0.046842  0.000395  0.029566  0.146287
30     0.461271  0.018425  0.000384  0.014848  0.505072
31     0.857631  0.042636  0.000378  0.042983  0.056372
32     0.183641  0.011501  0.000277  0.015584  0.788997
             N1        N2        N3         R         W
epoch                                                  
0      0.002274  0.009011  0.004242  0.000467  0.984006
1      0.061517  0.302548  0.095555  0.002871  0.537508
2      0.011631  0.017977  0.003268  0.000126  0.966998
3      0.047533  0.112582  0.005445  0.000631  0.833809
4      0.010255  0.068145  0.839908  0.000979  0.080712
5      0.040750  0.033103  0.143585  0.002369  0.780192
6      0.042683  0.029156  0.000223  0.035932  0.892007
7      0.016743  0.004937  0.003025  0.002712  0.972583
8      0.065709  0.009450  0.000617  0.000486  0.923739
9      0.146346  0.065836  0.000709  0.000567  0.786543
10     0.178381  0.232169  0.008778  0.018938  0.561733
11     0.032531  0.066800  0.001580  0.003584  0.895504
12     0.091073  0.312222  0.002805  0.004802  0.589099
13     0.131607  0.531454  0.003780  0.018669  0.314489
14     0.292454  0.410707  0.003287  0.019796  0.273756
15     0.486903  0.435925  0.004867  0.016785  0.055519
16     0.459525  0.154665  0.002020  0.068023  0.315768
17     0.516504  0.394137  0.000819  0.063148  0.025392
18     0.405129  0.425898  0.001346  0.143275  0.024352
19     0.281455  0.612574  0.001801  0.082699  0.021470
20     0.357677  0.464922  0.001766  0.156928  0.018707
21     0.417292  0.402939  0.000607  0.157441  0.021721
22     0.402135  0.453056  0.001343  0.128833  0.014633
23     0.397803  0.476505  0.001486  0.105236  0.018969
24     0.430196  0.462613  0.001165  0.074047  0.031980
25     0.282973  0.454478  0.008960  0.184771  0.068817
26     0.449375  0.345093  0.000911  0.173345  0.031276
27     0.541400  0.150479  0.000888  0.266366  0.040868
28     0.566822  0.112685  0.001070  0.161319  0.158104
29     0.745959  0.057967  0.000485  0.040660  0.154929
30     0.467287  0.019494  0.000327  0.013910  0.498982
31     0.860650  0.043882  0.000428  0.049103  0.045938
32     0.287017  0.020785  0.000530  0.020733  0.670936
33     0.563275  0.061821  0.000227  0.030948  0.343728
             N1        N2        N3         R         W
epoch                                                  
0      0.001659  0.006399  0.003202  0.000417  0.988323
1      0.100445  0.386090  0.129142  0.005953  0.378370
2      0.006187  0.012626  0.003054  0.000157  0.977975
3      0.100112  0.048111  0.004089  0.000432  0.847257
4      0.017055  0.046753  0.796458  0.001171  0.138563
5      0.016033  0.013195  0.047433  0.001150  0.922188
6      0.019874  0.024855  0.000249  0.053557  0.901465
7      0.013601  0.003490  0.005904  0.000522  0.976482
8      0.054734  0.009570  0.001334  0.000695  0.933668
9      0.147388  0.054680  0.000593  0.000534  0.796805
10     0.173231  0.253953  0.011870  0.016264  0.544682
11     0.031653  0.072381  0.001828  0.002997  0.891141
12     0.082956  0.339362  0.001995  0.005184  0.570502
13     0.120415  0.533874  0.003797  0.015340  0.326574
14     0.282127  0.385368  0.003854  0.020755  0.307897
15     0.427252  0.498998  0.003587  0.014554  0.055609
16     0.417673  0.176940  0.002195  0.077157  0.326035
17     0.504555  0.397885  0.000861  0.072946  0.023752
18     0.401471  0.454759  0.001237  0.116148  0.026385
19     0.312953  0.592956  0.001546  0.071746  0.020799
20     0.367338  0.496548  0.002334  0.111788  0.021992
21     0.357901  0.433444  0.000637  0.187407  0.020611
22     0.343738  0.451570  0.001347  0.188827  0.014519
23     0.357328  0.528886  0.001715  0.094118  0.017952
24     0.411796  0.480645  0.000822  0.076120  0.030617
25     0.259827  0.488618  0.009633  0.186364  0.055558
26     0.406083  0.381419  0.000879  0.183740  0.027879
27     0.523076  0.165389  0.000951  0.275276  0.035308
28     0.514638  0.113527  0.001066  0.238950  0.131819
29     0.716562  0.058358  0.000526  0.044289  0.180265
30     0.482214  0.022056  0.000349  0.018298  0.477083
31     0.831735  0.046159  0.000458  0.075889  0.045759
32     0.303756  0.014630  0.000891  0.022068  0.658654
33     0.607190  0.057031  0.000461  0.025904  0.309414
34     0.098345  0.008416  0.000314  0.010462  0.882463
             N1        N2        N3         R         W
epoch                                                  
0      0.001581  0.006083  0.003329  0.000404  0.988604
1      0.086081  0.400940  0.132850  0.005632  0.374498
2      0.005152  0.012639  0.003151  0.000142  0.978916
3      0.070573  0.031458  0.002594  0.000272  0.895104
4      0.012603  0.040139  0.682166  0.000837  0.264255
5      0.017660  0.012531  0.045358  0.001172  0.923278
6      0.022590  0.024717  0.000315  0.045987  0.906391
7      0.010152  0.003323  0.005762  0.000518  0.980245
8      0.050149  0.009769  0.001529  0.000593  0.937960
9      0.129575  0.047866  0.000629  0.000620  0.821310
10     0.176023  0.281173  0.015414  0.015966  0.511424
11     0.031297  0.065541  0.002161  0.003760  0.897241
12     0.084550  0.328813  0.002582  0.004865  0.579190
13     0.131098  0.472086  0.004085  0.014762  0.377969
14     0.257149  0.378402  0.004003  0.022388  0.338058
15     0.403406  0.513242  0.004829  0.018840  0.059682
16     0.386007  0.211756  0.002823  0.081458  0.317956
17     0.453754  0.447827  0.001139  0.074824  0.022456
18     0.378737  0.470396  0.001415  0.125166  0.024286
19     0.275286  0.632739  0.001748  0.068469  0.021758
20     0.358250  0.512200  0.003603  0.105547  0.020399
21     0.332771  0.393749  0.000864  0.251962  0.020655
22     0.312028  0.434729  0.001317  0.238915  0.013011
23     0.334803  0.527776  0.001754  0.117286  0.018381
24     0.384585  0.482113  0.000675  0.101296  0.031332
25     0.273426  0.494719  0.007660  0.170688  0.053508
26     0.394153  0.404255  0.000980  0.173449  0.027164
27     0.462176  0.173711  0.001016  0.328001  0.035096
28     0.463339  0.123518  0.001107  0.280992  0.131046
29     0.706570  0.066776  0.000569  0.065209  0.160876
30     0.421425  0.023005  0.000588  0.028145  0.526837
31     0.782660  0.080299  0.000438  0.086697  0.049906
32     0.272184  0.019841  0.000473  0.025144  0.682359
33     0.585579  0.051354  0.000465  0.039474  0.323128
34     0.186263  0.010693  0.000169  0.007633  0.795241
35     0.117700  0.025340  0.000121  0.004682  0.852156
             N1        N2        N3         R         W
epoch                                                  
0      0.001579  0.006178  0.003201  0.000384  0.988658
1      0.048844  0.255734  0.088925  0.006502  0.599994
2      0.004926  0.012162  0.003011  0.000146  0.979754
3      0.076598  0.036024  0.004023  0.000353  0.883003
4      0.034333  0.039284  0.658408  0.000645  0.267330
5      0.014312  0.010868  0.058308  0.000700  0.915812
6      0.029806  0.027906  0.000252  0.033324  0.908712
7      0.010948  0.003885  0.006540  0.000504  0.978124
8      0.044237  0.008536  0.001458  0.000386  0.945382
9      0.099760  0.049869  0.000697  0.000712  0.848962
10     0.175237  0.292916  0.016013  0.013338  0.502496
11     0.031373  0.062035  0.002016  0.003238  0.901337
12     0.081024  0.315281  0.002407  0.004990  0.596297
13     0.112345  0.482177  0.004156  0.015108  0.386213
14     0.248845  0.373135  0.004402  0.022442  0.351176
15     0.415050  0.496457  0.005020  0.027218  0.056255
16     0.397212  0.225264  0.002815  0.086641  0.288069
17     0.410612  0.485269  0.001368  0.078828  0.023923
18     0.401503  0.498616  0.001508  0.072260  0.026113
19     0.324711  0.577570  0.001790  0.070549  0.025380
20     0.403162  0.446615  0.002893  0.124096  0.023234
21     0.352375  0.423849  0.000841  0.202863  0.020073
22     0.365449  0.452003  0.001799  0.166764  0.013985
23     0.296188  0.570982  0.001818  0.113090  0.017922
24     0.388337  0.515532  0.000693  0.062743  0.032695
25     0.279688  0.531160  0.009529  0.128469  0.051154
26     0.407009  0.422809  0.001012  0.142349  0.026821
27     0.467564  0.235559  0.001165  0.260081  0.035630
28     0.504840  0.129529  0.001264  0.221947  0.142421
29     0.692715  0.078015  0.000642  0.063145  0.165483
30     0.413517  0.025332  0.000558  0.025819  0.534774
31     0.752518  0.081589  0.000491  0.109828  0.055574
